     0.03000000      0.05166365
     0.05000000      0.01351217
     0.08000000      0.07455715
     0.12000000      0.15618110
     0.10000000      0.07503927
     0.14000000      0.11781714
     0.01000000      0.03821959
     0.07000000      0.11235754
     0.15000000      0.09238817
     0.20000000      0.23329714


     0.08910047      0.08211667      0.08211646
     0.85418802      0.78845960      0.78854423
     1.75407847      1.58063034      1.58092580
     4.29470132      3.78031318      3.77701471
     6.09431456      5.54618501      5.53417332
     9.66812082      8.79495907      8.76943823
    10.70038363      9.60615544      9.63741938
    14.84623319     12.75657970     12.77066845
    15.55333699     14.22029602     14.23452741
    20.05801045     18.40576100     18.03545629


    -0.00432995     -0.00409727     -0.00419195
    -0.00814391     -0.00778644     -0.00774384
    -0.01087591     -0.01052292     -0.01046452
    -0.01512972     -0.01498578     -0.01512072
    -0.02000213     -0.01998971     -0.01998755
    -0.02174198     -0.02186137     -0.02181122
    -0.02332469     -0.02333958     -0.02333295
    -0.02438843     -0.02439804     -0.02444216
    -0.02544126     -0.02554632     -0.02551693
    -0.02594637     -0.02613238     -0.02612835


    -0.01371373     -0.01315594     -0.01345470
    -0.02343012     -0.02279845     -0.02268499
    -0.02569223     -0.02536753     -0.02521808
    -0.02380837     -0.02398178     -0.02377022
    -0.01403280     -0.01462818     -0.01473079
    -0.00651305     -0.00673368     -0.00703994
     0.00416820      0.00308709      0.00313261
     0.01297102      0.01183755      0.01235469
     0.02333874      0.02337013      0.02312545
     0.02869386      0.02978359      0.02982819


     0.01669829      0.01643924      0.01708247
     0.02514493      0.02540080      0.02571113
     0.02020420      0.02119840      0.02139307
     0.00300193      0.00422391      0.00334193
    -0.02060189     -0.01940051     -0.01949810
    -0.02190968     -0.02133838     -0.02127071
    -0.01290935     -0.01399726     -0.01361301
    -0.00151258     -0.00346111     -0.00258354
     0.01598622      0.01513867      0.01445565
     0.02591984      0.02663781      0.02630770


     0.01611933      0.01514239      0.01481690
     0.01504942      0.01550026      0.01487214
    -0.00248498     -0.00068869     -0.00078047
    -0.02864820     -0.02781974     -0.02817333
    -0.01686112     -0.01874266     -0.01781502
     0.00721187      0.00687898      0.00683888
     0.02796170      0.02671659      0.02694750
     0.02750148      0.02836100      0.02823813
    -0.00150191      0.00077676      0.00192668
    -0.02435718     -0.02394550     -0.02523933


    -0.02244172     -0.02115169     -0.02050975
    -0.01185613     -0.01279639     -0.01235817
     0.01493396      0.01375896      0.01340626
     0.03580654      0.03733225      0.03748478
    -0.01728669     -0.01732541     -0.01643502
    -0.01399793     -0.01423966     -0.01528323
     0.01351298      0.01100615      0.01023775
     0.02482993      0.02435957      0.02455304
     0.00528814      0.00786251      0.00936738
    -0.01595068     -0.01527548     -0.01623254


     0.04356305      0.03209917      0.03101607
    -0.01204970     -0.00530389     -0.00422106
    -0.02449343     -0.02175720     -0.02263058
     0.01554955      0.00549727      0.00423503
     0.01132714      0.01954598      0.02052331
    -0.01893312     -0.02556356     -0.02458037
    -0.00529958     -0.01064778     -0.01314363
     0.01459208      0.01888439      0.01785949
     0.01019369      0.01983707      0.02134293
    -0.00916400     -0.01414928     -0.01423785


    -0.02351283     -0.03792453     -0.03801143
     0.01197028      0.01356000      0.01270576
     0.00600738      0.01764031      0.01987204
    -0.02025340     -0.02456575     -0.02520784
     0.02550187      0.01882036      0.01852026
    -0.02447531     -0.01509352     -0.01314813
    -0.01309848     -0.01057163     -0.01217653
     0.01861482      0.01058872      0.00926003
     0.01777363      0.01614846      0.01670111
    -0.01328474     -0.00994651     -0.00956329


     0.00385950      0.00264941      0.00311438
    -0.00556867     -0.00292615     -0.00326889
     0.00859504      0.00315963      0.00318844
    -0.00069305      0.00193230      0.00251965
    -0.00865876     -0.00954721     -0.01090882
     0.02102404      0.02168969      0.02361532
    -0.02888526     -0.02232186     -0.02427711
    -0.00605521     -0.01584566     -0.01552932
     0.04928088      0.05166360      0.04952622
    -0.02196397     -0.02079905     -0.01876520


     0.01689371      0.01968628      0.02127973
    -0.02706546     -0.02857402     -0.02944749
     0.04815155      0.04750068      0.04629838
    -0.01939586     -0.01770844     -0.01651159
     0.00522096      0.00372445      0.00371478
    -0.00468119     -0.00208647     -0.00222271
     0.00333771      0.00003205      0.00021790
     0.00230576      0.00193125      0.00199186
    -0.00782074     -0.00274189     -0.00293222
     0.00326108      0.00095083      0.00095936


    -0.00005426     -0.00005852     -0.00007593
     0.00014198      0.00014301      0.00017096
    -0.00044429     -0.00043761     -0.00048924
     0.00086823      0.00090243      0.00099132
    -0.00381428     -0.00416156     -0.00433970
     0.01387786      0.01650334      0.01610499
    -0.04131304     -0.04621625     -0.04431098
     0.03893211      0.03723784      0.03805925
    -0.02959461     -0.02102026     -0.02410270
     0.00874953      0.00522011      0.00582252


